1.9769086
3.9392757
6.071287
8.537201
11.411236
14.842579
16.64932
17.677061
22.81576
29.371431
37.55564
45.512028
53.110115
58.975643
64.957664
72.65418
77.40592
83.08961
88.46366
94.05415
98.20048
102.55462
107.64474
112.05228
116.675606
121.28112
125.518265
129.40152
133.27237
137.45981
141.8932
145.63739
149.37021
153.40012
157.67715
161.75014
165.44759
168.9848
172.73381
176.85631
180.56372
184.34177
188.21143
192.05705
195.75974
199.35825
203.01978
206.85138
210.74309
214.46994
217.98714
221.50475
225.2634
229.23337
233.07361
236.56465
239.90932
243.51389
247.54498
251.09944
254.74593
258.53128
262.32022
265.9446
269.42816
272.97632
276.75006
280.64108
284.35168
287.78555
291.18616
294.87872
298.8836
302.3217
305.83746
309.6273
313.56326
317.28146
320.66617
324.00986
327.7034
331.78027
335.20602
338.69046
342.46277
346.42047
350.17346
353.56
356.8661
360.51978
364.60892
368.0587
371.57812
375.35098
379.2621
382.9759
386.3796
389.7412
393.42535
397.4664
400.87384
404.3792
408.19302
412.1588
415.86865
419.2133
422.5295
426.24493
430.3788
433.8673
437.29916
440.94476
444.8569
448.72748
452.25293
455.5508
459.0314
462.96616
466.64484
470.38834
474.07693
477.6444
481.17343
484.8109
488.59143
492.3614
495.9536
499.41266
502.95978
506.74777
510.63824
514.31964
517.7215
521.1187
524.8407
528.87067
532.25635
535.7301
539.54456
543.55524
546.8741
550.263
554.08295
558.2146
561.6652
564.99396
568.59235
572.59973
576.1138
579.7176
583.48804
587.2922
590.92474
594.3804
597.879
601.6281
605.5481
609.30023
612.72723
616.07007
619.7108
623.7398
627.2004
630.7568
634.55237
638.43854
642.1086
645.50665
648.91376
652.65045
656.68115
660.05457
663.5148
667.3328
671.3657
674.668
678.05023
681.8859
686.0425
689.8799
693.3612
696.7899
700.4438
704.37006
708.24445
711.75977
715.0476
718.5328
722.4874
726.1505
729.888
733.59204
737.1809
740.7121
744.3276
748.0876
751.86884
755.49524
758.9713
762.4952
766.24194
770.1276
773.855
777.29926
780.6835
784.3419
788.3318
791.80457
795.35187
799.12415
803.00214
806.69305
810.11664
813.5228
817.227
821.2293
824.6515
828.14984
831.9413
835.89966
839.63275
843.00543
846.3232
850.0076
854.11285
857.55505
861.0416
864.79706
868.7392
872.50226
875.91504
879.2348
882.8718
886.9292
890.374
893.9289
897.74347
901.6485
905.312
908.6856
912.07916
915.8343
919.9008
923.26465
926.69574
930.49896
934.5583
937.8969
941.2823
945.07446
949.18677
952.6088
955.9786
959.651
963.6736
967.1107
970.6371
974.4355
978.36346
982.0641
985.443
988.8007
992.51526
996.5933
999.98663
1003.45465